 0.50000000E+00; 0.51949048E+00
 0.10000000E+01; 0.57049108E+00
 0.15000000E+01; 0.58453828E+00
 0.20000000E+01; 0.58985811E+00
 0.25000000E+01; 0.57744026E+00
 0.30000000E+01; 0.56612831E+00
 0.35000000E+01; 0.55308318E+00
 0.40000000E+01; 0.53370231E+00
 0.45000000E+01; 0.51716799E+00
 0.50000000E+01; 0.49769381E+00
 0.55000000E+01; 0.47879535E+00
 0.60000000E+01; 0.46028873E+00
 0.65000000E+01; 0.44093403E+00
 0.70000000E+01; 0.42183870E+00
 0.75000000E+01; 0.40660858E+00
 0.80000000E+01; 0.38829088E+00
 0.85000000E+01; 0.37272996E+00
 0.90000000E+01; 0.35770574E+00
 0.95000000E+01; 0.34548926E+00
 0.10000000E+02; 0.33330363E+00
 0.10500000E+02; 0.32077488E+00
 0.11000000E+02; 0.31183043E+00
 0.11500000E+02; 0.30506483E+00
 0.12000000E+02; 0.29806280E+00
 0.12500000E+02; 0.28855360E+00
 0.13000000E+02; 0.28339067E+00
 0.13500000E+02; 0.27592611E+00
 0.14000000E+02; 0.27138588E+00
 0.14500000E+02; 0.26683033E+00
 0.15000000E+02; 0.26379806E+00
 0.15500000E+02; 0.26071185E+00
 0.16000000E+02; 0.25783539E+00
 0.16500000E+02; 0.25639349E+00
 0.17000000E+02; 0.25599977E+00
 0.17500000E+02; 0.25392333E+00
 0.18000000E+02; 0.25157419E+00
 0.18500000E+02; 0.25203276E+00
 0.19000000E+02; 0.25088686E+00
 0.19500000E+02; 0.25191200E+00
 0.20000000E+02; 0.24981076E+00
 0.20500000E+02; 0.25219524E+00
 0.21000000E+02; 0.25402099E+00
 0.21500000E+02; 0.25253561E+00
 0.22000000E+02; 0.25437665E+00
 0.22500000E+02; 0.25468805E+00
 0.23000000E+02; 0.25280264E+00
 0.23500000E+02; 0.25143230E+00
 0.24000000E+02; 0.24908149E+00
 0.24500000E+02; 0.25074875E+00
 0.25000000E+02; 0.24766798E+00
 0.25500000E+02; 0.24728531E+00
 0.26000000E+02; 0.24515294E+00
 0.26500000E+02; 0.24632458E+00
 0.27000000E+02; 0.24558583E+00
 0.27500000E+02; 0.24586593E+00
 0.28000000E+02; 0.24969277E+00
 0.28500000E+02; 0.25363940E+00
 0.29000000E+02; 0.25781101E+00
 0.29500000E+02; 0.26273519E+00
 0.30000000E+02; 0.27441356E+00
 0.30500000E+02; 0.28314838E+00
 0.31000000E+02; 0.29258770E+00
 0.31500000E+02; 0.30277452E+00
 0.32000000E+02; 0.31503600E+00
 0.32500000E+02; 0.32726002E+00
 0.33000000E+02; 0.34152803E+00
 0.33500000E+02; 0.35753390E+00
 0.34000000E+02; 0.37096465E+00
 0.34500000E+02; 0.38318267E+00
 0.35000000E+02; 0.39833370E+00
 0.35500000E+02; 0.41205746E+00
 0.36000000E+02; 0.42515621E+00
 0.36500000E+02; 0.43786052E+00
 0.37000000E+02; 0.45171022E+00
 0.37500000E+02; 0.46590629E+00
 0.38000000E+02; 0.47958007E+00
 0.38500000E+02; 0.49201560E+00
 0.39000000E+02; 0.50252026E+00
 0.39500000E+02; 0.51594460E+00
 0.40000000E+02; 0.53070140E+00
 0.40500000E+02; 0.54066879E+00
 0.41000000E+02; 0.55118352E+00
 0.41500000E+02; 0.56232637E+00
 0.42000000E+02; 0.57043713E+00
 0.42500000E+02; 0.58024371E+00
 0.43000000E+02; 0.58736008E+00
 0.43500000E+02; 0.59059560E+00
 0.44000000E+02; 0.59271574E+00
 0.44500000E+02; 0.59473461E+00
 0.45000000E+02; 0.58997649E+00
 0.45500000E+02; 0.57969105E+00
 0.46000000E+02; 0.56990057E+00
 0.46500000E+02; 0.55137455E+00
 0.47000000E+02; 0.53373402E+00
 0.47500000E+02; 0.50850737E+00
 0.48000000E+02; 0.47666276E+00
 0.48500000E+02; 0.45132571E+00
 0.49000000E+02; 0.41737393E+00
 0.49500000E+02; 0.38813293E+00
 0.50000000E+02; 0.35794035E+00
 0.50500000E+02; 0.33313912E+00
 0.51000000E+02; 0.31185797E+00
 0.51500000E+02; 0.29775235E+00
 0.52000000E+02; 0.29122096E+00
 0.52500000E+02; 0.29133779E+00
 0.53000000E+02; 0.30547145E+00
 0.53500000E+02; 0.32823005E+00
 0.54000000E+02; 0.35922277E+00
 0.54500000E+02; 0.40190694E+00
 0.55000000E+02; 0.45177621E+00
 0.55500000E+02; 0.51197803E+00
 0.56000000E+02; 0.58039087E+00
 0.56500000E+02; 0.66110933E+00
 0.57000000E+02; 0.74752027E+00
 0.57500000E+02; 0.84144121E+00
 0.58000000E+02; 0.94199842E+00
 0.58500000E+02; 0.10533837E+01
 0.59000000E+02; 0.11635576E+01
 0.59500000E+02; 0.12848749E+01
 0.60000000E+02; 0.14202104E+01
 0.60500000E+02; 0.15592929E+01
 0.61000000E+02; 0.17070862E+01
 0.61500000E+02; 0.18627326E+01
 0.62000000E+02; 0.20313931E+01
 0.62500000E+02; 0.22079971E+01
 0.63000000E+02; 0.23945622E+01
 0.63500000E+02; 0.26014593E+01
 0.64000000E+02; 0.28101807E+01
 0.64500000E+02; 0.30341940E+01
 0.65000000E+02; 0.32604597E+01
 0.65500000E+02; 0.35086992E+01
 0.66000000E+02; 0.37509208E+01
 0.66500000E+02; 0.40097022E+01
 0.67000000E+02; 0.42708278E+01
 0.67500000E+02; 0.45317750E+01
 0.68000000E+02; 0.47918200E+01
 0.68500000E+02; 0.50454359E+01
 0.69000000E+02; 0.53129435E+01
 0.69500000E+02; 0.55577712E+01
 0.70000000E+02; 0.57891359E+01
 0.70500000E+02; 0.60395336E+01
 0.71000000E+02; 0.62599382E+01
 0.71500000E+02; 0.64675603E+01
 0.72000000E+02; 0.66608019E+01
 0.72500000E+02; 0.68556752E+01
 0.73000000E+02; 0.70424843E+01
 0.73500000E+02; 0.71935654E+01
 0.74000000E+02; 0.73500853E+01
 0.74500000E+02; 0.75021067E+01
 0.75000000E+02; 0.76377902E+01
 0.75500000E+02; 0.77669406E+01
 0.76000000E+02; 0.79041166E+01
 0.76500000E+02; 0.80132074E+01
 0.77000000E+02; 0.81351948E+01
 0.77500000E+02; 0.82391272E+01
 0.78000000E+02; 0.83525705E+01
 0.78500000E+02; 0.84561720E+01
 0.79000000E+02; 0.85702248E+01
 0.79500000E+02; 0.86862736E+01
 0.80000000E+02; 0.87981987E+01
 0.80500000E+02; 0.89169741E+01
 0.81000000E+02; 0.90564833E+01
 0.81500000E+02; 0.91895504E+01
 0.82000000E+02; 0.93241234E+01
 0.82500000E+02; 0.94812737E+01
 0.83000000E+02; 0.96377449E+01
 0.83500000E+02; 0.98159924E+01
 0.84000000E+02; 0.99980030E+01
 0.84500000E+02; 0.10186911E+02
 0.85000000E+02; 0.10395594E+02
 0.85500000E+02; 0.10607265E+02
 0.86000000E+02; 0.10841516E+02
 0.86500000E+02; 0.11083957E+02
 0.87000000E+02; 0.11328479E+02
 0.87500000E+02; 0.11598075E+02
 0.88000000E+02; 0.11855216E+02
 0.88500000E+02; 0.12105867E+02
 0.89000000E+02; 0.12367105E+02
 0.89500000E+02; 0.12625980E+02
 0.90000000E+02; 0.12863005E+02
 0.90500000E+02; 0.13085503E+02
 0.91000000E+02; 0.13303658E+02
 0.91500000E+02; 0.13493649E+02
 0.92000000E+02; 0.13667686E+02
 0.92500000E+02; 0.13793128E+02
 0.93000000E+02; 0.13922399E+02
 0.93500000E+02; 0.13997714E+02
 0.94000000E+02; 0.14051305E+02
 0.94500000E+02; 0.14089032E+02
 0.95000000E+02; 0.14084729E+02
 0.95500000E+02; 0.14074964E+02
 0.96000000E+02; 0.14039301E+02
 0.96500000E+02; 0.13986298E+02
 0.97000000E+02; 0.13907297E+02
 0.97500000E+02; 0.13804399E+02
 0.98000000E+02; 0.13712838E+02
 0.98500000E+02; 0.13598688E+02
 0.99000000E+02; 0.13495028E+02
 0.99500000E+02; 0.13357038E+02
 0.10000000E+03; 0.13265050E+02
 0.10050000E+03; 0.13128118E+02
 0.10100000E+03; 0.13012383E+02
 0.10150000E+03; 0.12897104E+02
 0.10200000E+03; 0.12781703E+02
 0.10250000E+03; 0.12684140E+02
 0.10300000E+03; 0.12567275E+02
 0.10350000E+03; 0.12473866E+02
 0.10400000E+03; 0.12377776E+02
 0.10450000E+03; 0.12300001E+02
 0.10500000E+03; 0.12220267E+02
 0.10550000E+03; 0.12153776E+02
 0.10600000E+03; 0.12084789E+02
 0.10650000E+03; 0.12026763E+02
 0.10700000E+03; 0.11958723E+02
 0.10750000E+03; 0.11902924E+02
 0.10800000E+03; 0.11874981E+02
 0.10850000E+03; 0.11839154E+02
 0.10900000E+03; 0.11801219E+02
 0.10950000E+03; 0.11763897E+02
 0.11000000E+03; 0.11730634E+02
 0.11050000E+03; 0.11720135E+02
 0.11100000E+03; 0.11708380E+02
 0.11150000E+03; 0.11695597E+02
 0.11200000E+03; 0.11701377E+02
 0.11250000E+03; 0.11693921E+02
 0.11300000E+03; 0.11686481E+02
 0.11350000E+03; 0.11695490E+02
 0.11400000E+03; 0.11708575E+02
 0.11450000E+03; 0.11720201E+02
 0.11500000E+03; 0.11734099E+02
 0.11550000E+03; 0.11757585E+02
 0.11600000E+03; 0.11782446E+02
 0.11650000E+03; 0.11794032E+02
 0.11700000E+03; 0.11837215E+02
 0.11750000E+03; 0.11868365E+02
 0.11800000E+03; 0.11892384E+02
 0.11850000E+03; 0.11944372E+02
 0.11900000E+03; 0.11981663E+02
 0.11950000E+03; 0.12037687E+02
 0.12000000E+03; 0.12094207E+02
 0.12050000E+03; 0.12136239E+02
 0.12100000E+03; 0.12204059E+02
 0.12150000E+03; 0.12276646E+02
 0.12200000E+03; 0.12364751E+02
 0.12250000E+03; 0.12455881E+02
 0.12300000E+03; 0.12562823E+02
 0.12350000E+03; 0.12706978E+02
 0.12400000E+03; 0.12841928E+02
 0.12450000E+03; 0.13025784E+02
 0.12500000E+03; 0.13236268E+02
 0.12550000E+03; 0.13490623E+02
 0.12600000E+03; 0.13800137E+02
 0.12650000E+03; 0.14148468E+02
 0.12700000E+03; 0.14587566E+02
 0.12750000E+03; 0.15087496E+02
 0.12800000E+03; 0.15667872E+02
 0.12850000E+03; 0.16314898E+02
 0.12900000E+03; 0.17055574E+02
 0.12950000E+03; 0.17924665E+02
 0.13000000E+03; 0.18868322E+02
 0.13050000E+03; 0.19939308E+02
 0.13100000E+03; 0.21133509E+02
 0.13150000E+03; 0.22429964E+02
 0.13200000E+03; 0.23803967E+02
 0.13250000E+03; 0.25250130E+02
 0.13300000E+03; 0.26821737E+02
 0.13350000E+03; 0.28423325E+02
 0.13400000E+03; 0.30059448E+02
 0.13450000E+03; 0.31722664E+02
 0.13500000E+03; 0.33200603E+02
 0.13550000E+03; 0.34580887E+02
 0.13600000E+03; 0.35888401E+02
 0.13650000E+03; 0.37046997E+02
 0.13700000E+03; 0.38077328E+02
 0.13750000E+03; 0.38886696E+02
 0.13800000E+03; 0.39554699E+02
 0.13850000E+03; 0.39980030E+02
 0.13900000E+03; 0.40148628E+02
 0.13950000E+03; 0.40091213E+02
 0.14000000E+03; 0.39784836E+02
 0.14050000E+03; 0.39225147E+02
 0.14100000E+03; 0.38436466E+02
 0.14150000E+03; 0.37406925E+02
 0.14200000E+03; 0.36193893E+02
 0.14250000E+03; 0.34726189E+02
 0.14300000E+03; 0.33141212E+02
 0.14350000E+03; 0.31343813E+02
 0.14400000E+03; 0.29268593E+02
 0.14450000E+03; 0.27073536E+02
 0.14500000E+03; 0.24904581E+02
 0.14550000E+03; 0.22724329E+02
 0.14600000E+03; 0.20591316E+02
 0.14650000E+03; 0.18457531E+02
 0.14700000E+03; 0.16472027E+02
 0.14750000E+03; 0.14502274E+02
 0.14800000E+03; 0.12660454E+02
 0.14850000E+03; 0.10958990E+02
 0.14900000E+03; 0.94171305E+01
 0.14950000E+03; 0.80199575E+01
 0.15000000E+03; 0.67522173E+01
 0.15050000E+03; 0.56385489E+01
 0.15100000E+03; 0.46684561E+01
 0.15150000E+03; 0.38301303E+01
 0.15200000E+03; 0.31246388E+01
 0.15250000E+03; 0.25159953E+01
 0.15300000E+03; 0.20184131E+01
 0.15350000E+03; 0.15991266E+01
 0.15400000E+03; 0.12549938E+01
 0.15450000E+03; 0.98001367E+00
 0.15500000E+03; 0.75624913E+00
 0.15550000E+03; 0.57948589E+00
 0.15600000E+03; 0.43881324E+00
 0.15650000E+03; 0.32714200E+00
 0.15700000E+03; 0.24701513E+00
 0.15750000E+03; 0.18290485E+00
 0.15800000E+03; 0.13601534E+00
 0.15850000E+03; 0.97264685E-01
 0.15900000E+03; 0.70516676E-01
 0.15950000E+03; 0.49704511E-01
 0.16000000E+03; 0.35488915E-01
 0.16050000E+03; 0.25408335E-01
 0.16100000E+03; 0.17732238E-01
 0.16150000E+03; 0.12184806E-01
 0.16200000E+03; 0.80281692E-02
 0.16250000E+03; 0.55890847E-02
 0.16300000E+03; 0.37038755E-02
 0.16350000E+03; 0.24627710E-02
 0.16400000E+03; 0.15996358E-02
 0.16450000E+03; 0.10971931E-02
 0.16500000E+03; 0.68856945E-03
 0.16550000E+03; 0.42363576E-03
 0.16600000E+03; 0.28345184E-03
 0.16650000E+03; 0.17289855E-03
 0.16700000E+03; 0.12416921E-03
 0.16750000E+03; 0.45016255E-04
 0.16800000E+03; 0.32634613E-04
 0.16850000E+03; 0.24344641E-04
 0.16900000E+03; 0.11039062E-04
 0.16950000E+03; 0.18846524E-04
 0.17000000E+03; 0.71128679E-05
 0.17050000E+03; 0.00000000E+00
 0.17100000E+03; 0.18810591E-05
 0.17150000E+03; 0.47932719E-07
 0.17200000E+03; 0.00000000E+00
 0.17250000E+03; 0.00000000E+00
 0.17300000E+03; 0.00000000E+00
 0.17350000E+03; 0.00000000E+00
 0.17400000E+03; 0.00000000E+00
 0.17450000E+03; 0.00000000E+00
 0.17500000E+03; 0.00000000E+00
 0.17550000E+03; 0.00000000E+00
 0.17600000E+03; 0.00000000E+00
 0.17650000E+03; 0.00000000E+00
 0.17700000E+03; 0.00000000E+00
 0.17750000E+03; 0.00000000E+00
 0.17800000E+03; 0.00000000E+00
 0.17850000E+03; 0.00000000E+00
 0.17900000E+03; 0.00000000E+00
 0.17950000E+03; 0.00000000E+00
 0.18000000E+03; 0.00000000E+00
 0.18050000E+03; 0.00000000E+00
 0.18100000E+03; 0.00000000E+00
 0.18150000E+03; 0.00000000E+00
 0.18200000E+03; 0.00000000E+00
 0.18250000E+03; 0.00000000E+00
 0.18300000E+03; 0.00000000E+00
 0.18350000E+03; 0.00000000E+00
 0.18400000E+03; 0.00000000E+00
 0.18450000E+03; 0.00000000E+00
 0.18500000E+03; 0.00000000E+00
 0.18550000E+03; 0.00000000E+00
 0.18600000E+03; 0.00000000E+00
 0.18650000E+03; 0.00000000E+00
 0.18700000E+03; 0.00000000E+00
 0.18750000E+03; 0.00000000E+00
 0.18800000E+03; 0.00000000E+00
 0.18850000E+03; 0.00000000E+00
 0.18900000E+03; 0.00000000E+00
 0.18950000E+03; 0.00000000E+00
 0.19000000E+03; 0.00000000E+00
 0.19050000E+03; 0.00000000E+00
 0.19100000E+03; 0.00000000E+00
 0.19150000E+03; 0.00000000E+00
 0.19200000E+03; 0.00000000E+00
 0.19250000E+03; 0.00000000E+00
 0.19300000E+03; 0.00000000E+00
 0.19350000E+03; 0.00000000E+00
 0.19400000E+03; 0.00000000E+00
 0.19450000E+03; 0.00000000E+00
 0.19500000E+03; 0.00000000E+00
 0.19550000E+03; 0.00000000E+00
 0.19600000E+03; 0.00000000E+00
 0.19650000E+03; 0.00000000E+00
 0.19700000E+03; 0.00000000E+00
 0.19750000E+03; 0.00000000E+00
 0.19800000E+03; 0.00000000E+00
 0.19850000E+03; 0.00000000E+00
 0.19900000E+03; 0.00000000E+00
 0.19950000E+03; 0.00000000E+00
 0.20000000E+03; 0.00000000E+00
 0.20050000E+03; 0.00000000E+00
 0.20100000E+03; 0.00000000E+00
 0.20150000E+03; 0.00000000E+00
 0.20200000E+03; 0.00000000E+00
 0.20250000E+03; 0.00000000E+00
 0.20300000E+03; 0.00000000E+00
 0.20350000E+03; 0.00000000E+00
 0.20400000E+03; 0.00000000E+00
 0.20450000E+03; 0.00000000E+00
 0.20500000E+03; 0.00000000E+00
 0.20550000E+03; 0.00000000E+00
 0.20600000E+03; 0.00000000E+00
 0.20650000E+03; 0.00000000E+00
 0.20700000E+03; 0.00000000E+00
 0.20750000E+03; 0.00000000E+00
 0.20800000E+03; 0.00000000E+00
 0.20850000E+03; 0.00000000E+00
 0.20900000E+03; 0.00000000E+00
 0.20950000E+03; 0.00000000E+00
 0.21000000E+03; 0.00000000E+00
 0.21050000E+03; 0.00000000E+00
 0.21100000E+03; 0.00000000E+00
 0.21150000E+03; 0.00000000E+00
 0.21200000E+03; 0.00000000E+00
 0.21250000E+03; 0.00000000E+00
 0.21300000E+03; 0.00000000E+00
 0.21350000E+03; 0.00000000E+00
 0.21400000E+03; 0.00000000E+00
 0.21450000E+03; 0.00000000E+00
 0.21500000E+03; 0.00000000E+00
 0.21550000E+03; 0.00000000E+00
 0.21600000E+03; 0.00000000E+00
 0.21650000E+03; 0.00000000E+00
 0.21700000E+03; 0.00000000E+00
 0.21750000E+03; 0.00000000E+00
 0.21800000E+03; 0.00000000E+00
 0.21850000E+03; 0.00000000E+00
 0.21900000E+03; 0.00000000E+00
 0.21950000E+03; 0.00000000E+00
 0.22000000E+03; 0.00000000E+00
 0.22050000E+03; 0.00000000E+00
 0.22100000E+03; 0.00000000E+00
 0.22150000E+03; 0.00000000E+00
 0.22200000E+03; 0.00000000E+00
 0.22250000E+03; 0.00000000E+00
 0.22300000E+03; 0.00000000E+00
 0.22350000E+03; 0.00000000E+00
 0.22400000E+03; 0.00000000E+00
 0.22450000E+03; 0.00000000E+00
 0.22500000E+03; 0.00000000E+00
 0.22550000E+03; 0.00000000E+00
 0.22600000E+03; 0.00000000E+00
 0.22650000E+03; 0.00000000E+00
 0.22700000E+03; 0.00000000E+00
 0.22750000E+03; 0.00000000E+00
 0.22800000E+03; 0.00000000E+00
 0.22850000E+03; 0.00000000E+00
 0.22900000E+03; 0.00000000E+00
 0.22950000E+03; 0.00000000E+00
 0.23000000E+03; 0.00000000E+00
 0.23050000E+03; 0.00000000E+00
 0.23100000E+03; 0.00000000E+00
 0.23150000E+03; 0.00000000E+00
 0.23200000E+03; 0.00000000E+00
 0.23250000E+03; 0.00000000E+00
 0.23300000E+03; 0.00000000E+00
 0.23350000E+03; 0.00000000E+00
 0.23400000E+03; 0.00000000E+00
 0.23450000E+03; 0.00000000E+00
 0.23500000E+03; 0.00000000E+00
 0.23550000E+03; 0.00000000E+00
 0.23600000E+03; 0.00000000E+00
 0.23650000E+03; 0.00000000E+00
 0.23700000E+03; 0.00000000E+00
 0.23750000E+03; 0.00000000E+00
 0.23800000E+03; 0.00000000E+00
 0.23850000E+03; 0.00000000E+00
 0.23900000E+03; 0.00000000E+00
 0.23950000E+03; 0.00000000E+00
 0.24000000E+03; 0.00000000E+00
 0.24050000E+03; 0.00000000E+00
 0.24100000E+03; 0.00000000E+00
 0.24150000E+03; 0.00000000E+00
 0.24200000E+03; 0.00000000E+00
 0.24250000E+03; 0.00000000E+00
 0.24300000E+03; 0.00000000E+00
 0.24350000E+03; 0.00000000E+00
 0.24400000E+03; 0.00000000E+00
 0.24450000E+03; 0.00000000E+00
 0.24500000E+03; 0.00000000E+00
 0.24550000E+03; 0.00000000E+00
 0.24600000E+03; 0.00000000E+00
 0.24650000E+03; 0.00000000E+00
 0.24700000E+03; 0.00000000E+00
 0.24750000E+03; 0.00000000E+00
 0.24800000E+03; 0.00000000E+00
 0.24850000E+03; 0.00000000E+00
 0.24900000E+03; 0.00000000E+00
 0.24950000E+03; 0.00000000E+00
 0.25000000E+03; 0.00000000E+00
 0.25050000E+03; 0.00000000E+00
 0.25100000E+03; 0.00000000E+00
 0.25150000E+03; 0.00000000E+00
 0.25200000E+03; 0.00000000E+00
 0.25250000E+03; 0.00000000E+00
 0.25300000E+03; 0.00000000E+00
 0.25350000E+03; 0.00000000E+00
 0.25400000E+03; 0.00000000E+00
 0.25450000E+03; 0.00000000E+00
 0.25500000E+03; 0.00000000E+00
 0.25550000E+03; 0.00000000E+00
 0.25600000E+03; 0.00000000E+00
